{
    "State0": 0.017189959117365185,
    "State1": 0.01305791809277451,
    "State2": 0.0004762158291811183,
    "State3": 0.01983692170831815,
    "State4": 0.0024006415273648933,
    "State5": 0.008091664582400418,
    "State6": 0.0008241171383973192,
    "State7": 0.009969571478483933,
    "State8": 0.008497189386876818,
    "State9": 0.011273407613545273,
    "State10": 0.016726014331382558,
    "State11": 0.003274670352358598,
    "State12": 0.015247253382697888,
    "State13": 0.0017560753640685554,
    "State14": 0.006903738836536361,
    "State15": 0.0012299848453123149,
    "State16": 0.003812371644235352,
    "State17": 0.005208453786577248,
    "State18": 0.0006023349447419054,
    "State19": 0.01535501421268533,
    "State20": 0.0029713941940204503,
    "State21": 0.017024042594466184,
    "State22": 0.0035148615119502662,
    "State23": 0.016046366456502804,
    "State24": 0.01797282956109518,
    "State25": 0.015434811039946808,
    "State26": 0.008483789752517852,
    "State27": 0.002953619091435054,
    "State28": 0.005602097578861166,
    "State29": 0.005548359711081891,
    "State30": 0.005975354176248114,
    "State31": 0.01828899896847457,
    "State32": 0.0027520360015345123,
    "State33": 0.020249629683172184,
    "State34": 0.009032906925145507,
    "State35": 0.020472737186028916,
    "State36": 0.012741328375452825,
    "State37": 0.012230613724326874,
    "State38": 0.0023129696707739756,
    "State39": 0.011106708827750392,
    "State40": 0.003911590952375902,
    "State41": 0.013784239389024112,
    "State42": 0.015147956605925134,
    "State43": 0.009656586339168102,
    "State44": 0.017966420002809114,
    "State45": 0.01912053897768064,
    "State46": 0.01887916289155445,
    "State47": 0.011203291462238264,
    "State48": 0.005869349827956666,
    "State49": 0.005292612412690879,
    "State50": 0.003379354388892434,
    "State51": 0.0036248549076068194,
    "State52": 0.0019135634056414122,
    "State53": 0.008111130445252837,
    "State54": 0.011974924200218454,
    "State55": 0.008393734898764441,
    "State56": 0.01489166967620239,
    "State57": 0.020354989476593116,
    "State58": 0.0003763168131979269,
    "State59": 0.016499540431797882,
    "State60": 0.016455247767016276,
    "State61": 0.005796441778981124,
    "State62": 0.003310284871231947,
    "State63": 0.01480850243662135,
    "State64": 0.01631730241746525,
    "State65": 0.010762554864969038,
    "State66": 0.0017108760664818182,
    "State67": 0.004845222545550379,
    "State68": 0.006320414249064657,
    "State69": 0.009302320512133581,
    "State70": 0.0025485300293450084,
    "State71": 0.009087352977508314,
    "State72": 0.004966099833235101,
    "State73": 0.01564962721343347,
    "State74": 0.0030455588996814408,
    "State75": 0.020012830180265274,
    "State76": 0.004777395240581123,
    "State77": 0.017410466659845164,
    "State78": 0.019488635877072485,
    "State79": 0.005195761382418729,
    "State80": 0.019011157342314955,
    "State81": 0.013676793790798088,
    "State82": 0.006342334102158607,
    "State83": 0.00649306693662085,
    "State84": 0.0024137418584925037,
    "State85": 0.011925970885422278,
    "State86": 0.018372874545962606,
    "State87": 0.0001934272367811322,
    "State88": 0.010003016539948084,
    "State89": 0.018271331340602562,
    "State90": 0.0034056711161466495,
    "State91": 0.018513829039410214,
    "State92": 0.009587798271408519,
    "State93": 0.018219549170146742,
    "State94": 0.016557396123826805,
    "State95": 0.013760540358708747,
    "State96": 0.019502284898993378,
    "State97": 0.0007237520205891784,
    "State98": 0.003616576306930122,
    "State99": 0.014796661600156202
}